#![allow(clippy::excessive_precision)]
// Generated by MATLAB/control/export_mpc_rust.m
// Q = diag([100, 0, 500, 100]), R = 1, N = 10, Ts = 0.020s

pub const MPC_N: usize = 10;
pub const MPC_NX: usize = 4;
pub const MPC_RHO: f32 = 1.0;
pub const MPC_MAX_ITER: usize = 50;
pub const MPC_U_MIN: f32 = -10.0;
pub const MPC_U_MAX: f32 = 10.0;

/// (H + rho*I)^{-1} matrix, row-major [10 x 10]
#[rustfmt::skip]
pub const MPC_H_INV_RHO: [f32; 100] = [
    1.4493957e-01, -1.1214651e-01, -3.6890296e-02, -1.3398693e-02, -5.9006288e-03, -3.3543251e-03, -2.3499691e-03, -1.8310659e-03, -1.4600362e-03, -1.0970473e-03, 
    -1.1214651e-01, 2.3171417e-01, -8.3602036e-02, -2.6522608e-02, -8.8325162e-03, -3.3040138e-03, -1.5326014e-03, -9.2239736e-04, -6.6664007e-04, -4.9878064e-04, 
    -3.6890296e-02, -8.3602036e-02, 2.4110389e-01, -8.0191551e-02, -2.5020503e-02, -7.9782136e-03, -2.7043298e-03, -1.0616490e-03, -5.3499698e-04, -3.3630544e-04, 
    -1.3398693e-02, -2.6522608e-02, -8.0191551e-02, 2.4234266e-01, -7.9645898e-02, -2.4710045e-02, -7.7599193e-03, -2.5317521e-03, -9.1603253e-04, -3.9911973e-04, 
    -5.9006288e-03, -8.8325162e-03, -2.5020503e-02, -7.9645898e-02, 2.4258309e-01, -7.9508897e-02, -2.4613123e-02, -7.6814491e-03, -2.4596783e-03, -8.3047129e-04, 
    -3.3543251e-03, -3.3040138e-03, -7.9782136e-03, -2.4710045e-02, -7.9508897e-02, 2.4266164e-01, -7.9451906e-02, -2.4562578e-02, -7.6213706e-03, -2.3491877e-03, 
    -2.3499691e-03, -1.5326014e-03, -2.7043298e-03, -7.7599193e-03, -2.4613123e-02, -7.9451906e-02, 2.4270712e-01, -7.9399111e-02, -2.4464541e-02, -7.3628530e-03, 
    -1.8310659e-03, -9.2239736e-04, -1.0616490e-03, -2.5317521e-03, -7.6814491e-03, -2.4562578e-02, -7.9399111e-02, 2.4280267e-01, -7.9147591e-02, -2.3696181e-02, 
    -1.4600362e-03, -6.6664007e-04, -5.3499698e-04, -9.1603253e-04, -2.4596783e-03, -7.6213706e-03, -2.4464541e-02, -7.9147591e-02, 2.4356749e-01, -7.6708298e-02, 
    -1.0970473e-03, -4.9878064e-04, -3.3630544e-04, -3.9911973e-04, -8.3047129e-04, -2.3491877e-03, -7.3628530e-03, -2.3696181e-02, -7.6708298e-02, 2.5143640e-01,

];

/// Gradient coefficient matrix F (f = F * x_current), row-major [10 x 4]
#[rustfmt::skip]
pub const MPC_F: [f32; 40] = [
    -3.1590137e+02, -3.8213693e+02, -5.5334956e+03, -7.4216113e+02, 
    -2.6527776e+02, -3.2252117e+02, -4.7966690e+03, -6.3804955e+02, 
    -2.2072546e+02, -2.6980038e+02, -4.1324184e+03, -5.4539883e+02, 
    -1.8147010e+02, -2.2308746e+02, -3.5294521e+03, -4.6237610e+02, 
    -1.4681870e+02, -1.8158579e+02, -2.9769987e+03, -3.8728632e+02, 
    -1.1614842e+02, -1.4457621e+02, -2.4646089e+03, -3.1853599e+02, 
    -8.8896309e+01, -1.1140516e+02, -1.9819501e+03, -2.5459779e+02, 
    -6.4549956e+01, -8.1473622e+01, -1.5185894e+03, -1.9397534e+02, 
    -4.2638783e+01, -5.4226813e+01, -1.0637596e+03, -1.3516737e+02, 
    -2.2725889e+01, -2.9144402e+01, -6.0610327e+02, -7.6630228e+01,

];
