// Generated by MATLAB design_mpc.m
// Q = diag([100, 0, 500, 100]), R = 1, N = 20, Ts = 0.01s

pub const MPC_N: usize = 20;
pub const MPC_NX: usize = 4;
pub const MPC_RHO: f32 = 1.0;
pub const MPC_MAX_ITER: usize = 50;
pub const MPC_U_MIN: f32 = -10.0;
pub const MPC_U_MAX: f32 = 10.0;

/// (H + rho*I)^{-1} matrix, row-major [20 x 20]
#[rustfmt::skip]
pub const MPC_H_INV_RHO: [f32; 400] = [
    2.6296568e-01, -1.2981244e-01, -7.1557596e-02, -3.9879533e-02, -2.2626856e-02, -1.3204863e-02, -8.0345129e-03, -5.1733840e-03, -3.5672560e-03, -2.6439350e-03, -2.0928132e-03, -1.7452216e-03, -1.5094742e-03, -1.3355753e-03, -1.1959890e-03, -1.0750636e-03, -9.6303326e-04, -8.5228765e-04, -7.3447132e-04, -5.9729515e-04,
    -1.2981244e-01, 3.2704788e-01, -9.4487838e-02, -5.1870916e-02, -2.8709664e-02, -1.6108166e-02, -9.2385182e-03, -5.4805540e-03, -3.4122612e-03, -2.2618694e-03, -1.6104902e-03, -1.2307306e-03, -9.9909220e-04, -8.4840346e-04, -7.4195539e-04, -6.5937458e-04, -5.8879047e-04, -5.2227843e-04, -4.5282304e-04, -3.7163125e-04,
    -7.1557596e-02, -9.4487838e-02, 3.4652018e-01, -8.3635769e-02, -4.5713643e-02, -2.5116303e-02, -1.3921756e-02, -7.8306690e-03, -4.5097446e-03, -2.6926669e-03, -1.6921714e-03, -1.1352376e-03, -8.1936590e-04, -6.3455928e-04, -5.2094878e-04, -4.4573349e-04, -3.9055066e-04, -3.4440871e-04, -2.9946049e-04, -2.4798790e-04,
    -3.9879533e-02, -5.1870916e-02, -8.3635769e-02, 3.5256813e-01, -8.0204267e-02, -4.3711029e-02, -2.3897793e-02, -1.3137143e-02, -7.2896198e-03, -4.1086952e-03, -2.3751476e-03, -1.4272717e-03, -9.0591417e-04, -6.1608831e-04, -4.5184604e-04, -3.5545775e-04, -2.9517196e-04, -2.5298466e-04, -2.1770592e-04, -1.8065188e-04,
    -2.2626856e-02, -2.8709664e-02, -4.5713643e-02, -8.0204267e-02, 3.5451510e-01, -7.9068014e-02, -4.3019663e-02, -2.3452610e-02, -1.2830152e-02, -7.0620580e-03, -3.9285189e-03, -2.2248115e-03, -1.2970926e-03, -7.9046033e-04, -5.1220491e-04, -3.5755433e-04, -2.6930486e-04, -2.1578043e-04, -1.7862843e-04, -1.4574918e-04,
    -1.3204863e-02, -1.6108166e-02, -2.5116303e-02, -4.3711029e-02, -7.9068014e-02, 3.5517822e-01, -7.8664530e-02, -4.2759849e-02, -2.3273442e-02, -1.2697335e-02, -6.9568860e-03, -3.8407462e-03, -2.1487737e-03, -1.2295953e-03, -7.2961722e-04, -4.5677790e-04, -3.0654208e-04, -2.2162073e-04, -1.6989603e-04, -1.3204539e-04,
    -8.0345129e-03, -9.2385182e-03, -1.3921756e-02, -2.3897793e-02, -4.3019663e-02, -7.8664530e-02, 3.5542373e-01, -7.8506436e-02, -4.2650823e-02, -2.3192614e-02, -1.2633319e-02, -6.9034401e-03, -3.7944097e-03, -2.1075767e-03, -1.1923413e-03, -6.9546341e-04, -4.2495000e-04, -2.7607480e-04, -1.9102375e-04, -1.3661665e-04,
    -5.1733840e-03, -5.4805540e-03, -7.8306690e-03, -1.3137143e-02, -2.3452610e-02, -4.2759849e-02, -7.8506436e-02, 3.5552554e-01, -7.8436222e-02, -4.2598759e-02, -2.3151365e-02, -1.2598857e-02, -6.8735196e-03, -3.7677305e-03, -2.0833106e-03, -1.1698392e-03, -6.7403031e-04, -4.0360255e-04, -2.5318668e-04, -1.6372275e-04,
    -3.5672560e-03, -3.4122612e-03, -4.5097446e-03, -7.2896198e-03, -1.2830152e-02, -2.3273442e-02, -4.2650823e-02, -7.8436222e-02, 3.5557397e-01, -7.8400297e-02, -4.2570278e-02, -2.3127538e-02, -1.2578111e-02, -6.8549176e-03, -3.7506230e-03, -2.0671065e-03, -1.1537946e-03, -6.5697966e-04, -3.8352607e-04, -2.2644848e-04,
    -2.6439350e-03, -2.2618694e-03, -2.6926669e-03, -4.1086952e-03, -7.0620580e-03, -1.2697335e-02, -2.3192614e-02, -4.2598759e-02, -7.8400297e-02, 3.5560063e-01, -7.8379129e-02, -4.2552520e-02, -2.3111989e-02, -1.2564013e-02, -6.8416710e-03, -3.7375728e-03, -2.0533013e-03, -1.1376335e-03, -6.3560754e-04, -3.5174539e-04,
    -2.0928132e-03, -1.6104902e-03, -1.6921714e-03, -2.3751476e-03, -3.9285189e-03, -6.9568860e-03, -1.2633319e-02, -2.3151365e-02, -4.2570278e-02, -7.8379129e-02, 3.5561749e-01, -7.8364911e-02, -4.2539929e-02, -2.3100320e-02, -1.2552597e-02, -6.8296338e-03, -3.7235049e-03, -2.0347258e-03, -1.1100612e-03, -5.9081685e-04,
    -1.7452216e-03, -1.2307306e-03, -1.1352376e-03, -1.4272717e-03, -2.2248115e-03, -3.8407462e-03, -6.9034401e-03, -1.2598857e-02, -2.3127538e-02, -4.2552520e-02, -7.8364911e-02, 3.5562962e-01, -7.8353923e-02, -4.2529317e-02, -2.3089195e-02, -1.2539615e-02, -6.8124865e-03, -3.6980409e-03, -1.9933571e-03, -1.0388479e-03,
    -1.5094742e-03, -9.9909220e-04, -8.1936590e-04, -9.0591417e-04, -1.2970926e-03, -2.1487737e-03, -3.7944097e-03, -6.8735196e-03, -1.2578111e-02, -2.3111989e-02, -4.2539929e-02, -7.8353923e-02, 3.5563999e-01, -7.8343184e-02, -4.2516848e-02, -2.3072742e-02, -1.2515174e-02, -6.7727659e-03, -3.6296561e-03, -1.8716825e-03,
    -1.3355753e-03, -8.4840346e-04, -6.3455928e-04, -6.1608831e-04, -7.9046033e-04, -1.2295953e-03, -2.1075767e-03, -3.7677305e-03, -6.8549176e-03, -1.2564013e-02, -2.3100320e-02, -4.2529317e-02, -7.8343184e-02, 3.5565231e-01, -7.8327011e-02, -4.2492863e-02, -2.3033776e-02, -1.2448096e-02, -6.6534233e-03, -3.4135799e-03,
    -1.1959890e-03, -7.4195539e-04, -5.2094878e-04, -4.5184604e-04, -5.1220491e-04, -7.2961722e-04, -1.1923413e-03, -2.0833106e-03, -3.7506230e-03, -6.8416710e-03, -1.2552597e-02, -2.3089195e-02, -4.2516848e-02, -7.8327011e-02, 3.5567617e-01, -7.8288337e-02, -4.2426338e-02, -2.2915457e-02, -1.2233902e-02, -6.2621591e-03,
    -1.0750636e-03, -6.5937458e-04, -4.4573349e-04, -3.5545775e-04, -3.5755433e-04, -4.5677790e-04, -6.9546341e-04, -1.1698392e-03, -2.0671065e-03, -3.7375728e-03, -6.8296338e-03, -1.2539615e-02, -2.3072742e-02, -4.2492863e-02, -7.8288337e-02, 3.5574254e-01, -7.8170396e-02, -4.2212909e-02, -2.2525646e-02, -1.1518675e-02,
    -9.6303326e-04, -5.8879047e-04, -3.9055066e-04, -2.9517196e-04, -2.6930486e-04, -3.0654208e-04, -4.2495000e-04, -6.7403031e-04, -1.1537946e-03, -2.0533013e-03, -3.7235049e-03, -6.8124865e-03, -1.2515174e-02, -2.3033776e-02, -4.2426338e-02, -7.8170396e-02, 3.5595577e-01, -7.7781101e-02, -4.1498720e-02, -2.1212355e-02,
    -8.5228765e-04, -5.2227843e-04, -3.4440871e-04, -2.5298466e-04, -2.1578043e-04, -2.2162073e-04, -2.7607480e-04, -4.0360255e-04, -6.5697966e-04, -1.1376335e-03, -2.0347258e-03, -3.6980409e-03, -6.7727659e-03, -1.2448096e-02, -2.2915457e-02, -4.2212909e-02, -7.7781101e-02, 3.5666969e-01, -7.6468451e-02, -3.9082307e-02,
    -7.3447132e-04, -4.5282304e-04, -2.9946049e-04, -2.1770592e-04, -1.7862843e-04, -1.6989603e-04, -1.9102375e-04, -2.5318668e-04, -3.8352607e-04, -6.3560754e-04, -1.1100612e-03, -1.9933571e-03, -3.6296561e-03, -6.6534233e-03, -1.2233902e-02, -2.2525646e-02, -4.1498720e-02, -7.6468451e-02, 3.5908582e-01, -7.2018273e-02,
    -5.9729515e-04, -3.7163125e-04, -2.4798790e-04, -1.8065188e-04, -1.4574918e-04, -1.3204539e-04, -1.3661665e-04, -1.6372275e-04, -2.2644848e-04, -3.5174539e-04, -5.9081685e-04, -1.0388479e-03, -1.8716825e-03, -3.4135799e-03, -6.2621591e-03, -1.1518675e-02, -2.1212355e-02, -3.9082307e-02, -7.2018273e-02, 3.6728460e-01,
];

/// Gradient coefficient matrix F, row-major [20 x 4]
/// f = F * x_current
#[rustfmt::skip]
pub const MPC_F: [f32; 80] = [
    -3.2210631e+02, -3.8850146e+02, -5.5265455e+03, -7.4451327e+02,
    -2.9560081e+02, -3.5741316e+02, -5.1505797e+03, -6.9084598e+02,
    -2.7074162e+02, -3.2819083e+02, -4.7941580e+03, -6.4030952e+02,
    -2.4742208e+02, -3.0071286e+02, -4.4558274e+03, -5.9265904e+02,
    -2.2554147e+02, -2.7486429e+02, -4.1341799e+03, -5.4766086e+02,
    -2.0500462e+02, -2.5053632e+02, -3.8278459e+03, -5.0509133e+02,
    -1.8572153e+02, -2.2762585e+02, -3.5354888e+03, -4.6473563e+02,
    -1.6760696e+02, -2.0603514e+02, -3.2557987e+03, -4.2638661e+02,
    -1.5058017e+02, -1.8567132e+02, -2.9874867e+03, -3.8984373e+02,
    -1.3456451e+02, -1.6644605e+02, -2.7292782e+03, -3.5491192e+02,
    -1.1948714e+02, -1.4827518e+02, -2.4799073e+03, -3.2140049e+02,
    -1.0527873e+02, -1.3107835e+02, -2.2381099e+03, -2.8912207e+02,
    -9.1873169e+01, -1.1477865e+02, -2.0026169e+03, -2.5789153e+02,
    -7.9207282e+01, -9.9302350e+01, -1.7721479e+03, -2.2752485e+02,
    -6.7220563e+01, -8.4578523e+01, -1.5454032e+03, -1.9783805e+02,
    -5.5854917e+01, -7.0538760e+01, -1.3210569e+03, -1.6864602e+02,
    -4.5054405e+01, -5.7116864e+01, -1.0977484e+03, -1.3976142e+02,
    -3.4765002e+01, -4.4248554e+01, -8.7407480e+02, -1.1099342e+02,
    -2.4934351e+01, -3.1871172e+01, -6.4858127e+02, -8.2146477e+01,
    -1.5511531e+01, -1.9923387e+01, -4.1975227e+02, -5.3019078e+01,
];
