#![allow(clippy::excessive_precision)]
// Generated by MATLAB/control/export_mpc_rust.m
// Q = diag([100, 0, 500, 100]), R = 1, N = 10, Ts = 0.010s

pub const MPC_N: usize = 10;
pub const MPC_NX: usize = 4;
pub const MPC_RHO: f32 = 1.0;
pub const MPC_MAX_ITER: usize = 50;
pub const MPC_U_MIN: f32 = -10.0;
pub const MPC_U_MAX: f32 = 10.0;

/// (H + rho*I)^{-1} matrix, row-major [10 x 10]
#[rustfmt::skip]
pub const MPC_H_INV_RHO: [f32; 100] = [
    2.6298460e-01, -1.2979943e-01, -7.1546186e-02, -3.9865981e-02, -2.2606530e-02, -1.3170459e-02, -7.9732372e-03, -5.0620233e-03, -3.3632298e-03, -2.2688869e-03,
    -1.2979943e-01, 3.2705691e-01, -9.4479772e-02, -5.1861147e-02, -2.8694823e-02, -1.6082886e-02, -9.1933656e-03, -5.3983934e-03, -3.2616508e-03, -1.9849446e-03,
    -7.1546186e-02, -9.4479772e-02, 3.4652761e-01, -8.3626460e-02, -4.5699200e-02, -2.5091447e-02, -1.3877162e-02, -7.7493647e-03, -4.3605751e-03, -2.4182862e-03,
    -3.9865981e-02, -5.1861147e-02, -8.3626460e-02, 3.5258016e-01, -8.0185226e-02, -4.3677961e-02, -2.3838228e-02, -1.3028358e-02, -7.0898782e-03, -3.7411685e-03,
    -2.2606530e-02, -2.8694823e-02, -4.5699200e-02, -8.0185226e-02, 3.5454557e-01, -7.9014829e-02, -4.2923647e-02, -2.3277085e-02, -1.2507732e-02, -6.4686882e-03,
    -1.3170459e-02, -1.6082886e-02, -2.5091447e-02, -4.3677961e-02, -7.9014829e-02, 3.5527129e-01, -7.8496351e-02, -4.2452269e-02, -2.2708345e-02, -1.1657262e-02,
    -7.9732372e-03, -9.1933656e-03, -1.3877162e-02, -2.3838228e-02, -4.2923647e-02, -7.8496351e-02, 3.5572778e-01, -7.7950258e-02, -4.1628906e-02, -2.1311687e-02,
    -5.0620233e-03, -5.3983934e-03, -7.7493647e-03, -1.3028358e-02, -2.3277085e-02, -4.2452269e-02, -7.7950258e-02, 3.5654300e-01, -7.6566673e-02, -3.9157638e-02,
    -3.3632298e-03, -3.2616508e-03, -4.3605751e-03, -7.0898782e-03, -1.2507732e-02, -2.2708345e-02, -4.1628906e-02, -7.6566673e-02, 3.5900924e-01, -7.2077245e-02,
    -2.2688869e-03, -1.9849446e-03, -2.4182862e-03, -3.7411685e-03, -6.4686882e-03, -1.1657262e-02, -2.1311687e-02, -3.9157638e-02, -7.2077245e-02, 3.6723907e-01,

];

/// Gradient coefficient matrix F (f = F * x_current), row-major [10 x 4]
#[rustfmt::skip]
pub const MPC_F: [f32; 40] = [
    -1.1948714e+02, -1.3632647e+02, -1.2269237e+03, -1.8884371e+02,
    -1.0527873e+02, -1.2055047e+02, -1.1129237e+03, -1.6901648e+02,
    -9.1873169e+01, -1.0559133e+02, -1.0006558e+03, -1.5001681e+02,
    -7.9207282e+01, -9.1381622e+01, -8.8959660e+02, -1.3171987e+02,
    -6.7220563e+01, -7.7856467e+01, -7.7919862e+02, -1.1400312e+02,
    -5.5854917e+01, -6.4953268e+01, -6.6888719e+02, -9.6745480e+01,
    -4.5054405e+01, -5.2611423e+01, -5.5805745e+02, -7.9826579e+01,
    -3.4765002e+01, -4.0772054e+01, -4.4607093e+02, -6.3125903e+01,
    -2.4934351e+01, -2.9377736e+01, -3.3225179e+02, -4.6521988e+01,
    -1.5511531e+01, -1.8372234e+01, -2.1588270e+02, -2.9891582e+01,

];
